[[  0.00000000e+00   1.00000000e+00  -2.62973652e+00   6.04146503e-01   4.47324723e+00  -6.51722924e+00   4.03220750e+00
   -7.92372457e-01  -6.16493298e-01   5.83909230e-01  -2.33147321e-01   4.07284085e-02   7.28052040e-03  -7.08570172e-03
    2.27759361e-03  -3.64205007e-04  -9.20043555e-06   2.21796043e-05  -6.43497730e-06   9.65329246e-07  -2.97111155e-08
   -2.42528003e-08   6.96708221e-09  -1.00296563e-09   5.55492511e-11   1.07617655e-11]
 [  4.16666667e-01  -9.57235480e-02  -2.12628110e+00   6.19570554e+00  -6.38880150e+00   1.88320306e+00   2.05127636e+00
   -2.59047791e+00   1.32987080e+00  -2.90393222e-01  -6.34456183e-02   7.40974604e-02  -2.81479882e-02   5.25126368e-03
    1.53064405e-04  -4.21707729e-04   1.38663593e-04  -2.34014849e-05   8.04992047e-07   7.30116248e-07  -2.31817785e-07
    3.67091690e-08  -2.22676943e-09  -4.70618644e-10   1.63166906e-10   0.00000000e+00]
 [  8.33333333e-01  -9.81674005e-01   3.03680686e+00  -1.79029634e+00  -3.25012974e+00   6.15669548e+00  -4.42491841e+00
    1.28831193e+00   3.61893395e-01  -5.28314291e-01   2.45293800e-01  -5.49141521e-02  -1.89166981e-03   6.08036254e-03
   -2.30689735e-03   4.44939727e-04  -1.73463066e-05  -1.76994579e-05   6.28086391e-06  -1.10510788e-06   7.40919572e-08
    1.72249365e-08  -6.54077367e-09   1.09306421e-09   0.00000000e+00   0.00000000e+00]
 [  1.25000000e+00   2.83662185e-01   1.54489324e+00  -5.85295851e+00   7.01102940e+00  -3.06188453e+00  -1.20413858e+00
    2.34383433e+00  -1.39915424e+00   3.91537459e-01   1.64848327e-02  -6.35843054e-02   2.85101429e-02  -6.41533143e-03
    2.88584393e-04   3.36525310e-04  -1.35342693e-04   2.67899948e-05  -2.00744520e-06  -5.18546554e-07   2.17633095e-07
   -4.00068331e-08   3.47898156e-09   0.00000000e+00   0.00000000e+00   0.00000000e+00]
 [  1.66666667e+00   9.27367703e-01  -3.33257218e+00   2.91082825e+00   1.90788852e+00  -5.57050658e+00   4.65544724e+00
   -1.73703221e+00  -9.40293784e-02   4.53355581e-01  -2.48449773e-01   6.70871828e-02  -3.56651425e-03  -4.85216596e-03
    2.25164870e-03  -5.09366520e-04   4.32572722e-05   1.25705912e-05  -5.89654435e-06   1.20438211e-06  -1.15757181e-07
   -9.56574449e-09   0.00000000e+00   0.00000000e+00   0.00000000e+00   0.00000000e+00]
 [  2.08333333e+00  -4.61204039e-01  -9.06881976e-01   5.29568889e+00  -7.37628912e+00   4.12834184e+00   3.12866729e-01
   -2.01128456e+00   1.41715589e+00  -4.78331068e-01   3.10801549e-02   5.07406591e-02  -2.78273441e-02   7.34426451e-03
   -7.19655998e-04  -2.39008569e-04   1.27061214e-04  -2.91965979e-05   3.13632150e-06   2.87971096e-07  -1.95471719e-07
    0.00000000e+00   0.00000000e+00   0.00000000e+00   0.00000000e+00   0.00000000e+00]
 [  2.50000000e+00  -8.39071529e-01   3.50619210e+00  -3.92467251e+00  -4.95719386e-01   4.78014753e+00  -4.71534467e+00
    2.12208679e+00  -1.77281002e-01  -3.61780487e-01   2.42499568e-01  -7.68013346e-02   8.89397847e-03   3.44612785e-03
   -2.11387265e-03   5.55124017e-04  -6.75827725e-05  -6.98098735e-06   5.29610471e-06  -1.25951334e-06   0.00000000e+00
    0.00000000e+00   0.00000000e+00   0.00000000e+00   0.00000000e+00   0.00000000e+00]
 [  2.91666667e+00   6.21841847e-01   2.35631680e-01  -4.54432174e+00   7.47119316e+00  -5.04348720e+00   5.89872315e-01
    1.60501721e+00  -1.38321596e+00   5.47592892e-01  -7.75059930e-02  -3.60372666e-02   2.61246177e-02  -8.00401568e-03
    1.12435078e-03   1.32731688e-04  -1.14122688e-04   3.05330877e-05  -4.15024536e-06   0.00000000e+00   0.00000000e+00
    0.00000000e+00   0.00000000e+00   0.00000000e+00   0.00000000e+00   0.00000000e+00]
 [  3.33333333e+00   7.20021713e-01  -3.55130310e+00   4.79466971e+00  -9.34618848e-01  -3.81458655e+00   4.60241533e+00
   -2.42936268e+00   4.42093680e-01   2.56945418e-01  -2.27661271e-01   8.37005646e-02  -1.38954607e-02  -1.91378229e-03
    1.89861896e-03  -5.80535113e-04   8.94312298e-05   1.13551637e-06   0.00000000e+00   0.00000000e+00   0.00000000e+00
    0.00000000e+00   0.00000000e+00   0.00000000e+00   0.00000000e+00   0.00000000e+00]
 [  3.75000000e+00  -7.59687913e-01   4.44254986e-01   3.62639615e+00  -7.29226309e+00   5.77377872e+00  -1.47099136e+00
   -1.13992278e+00   1.29857841e+00  -5.96784346e-01   1.21091082e-01   2.00130366e-02  -2.34643721e-02   8.37040374e-03
   -1.48783587e-03  -2.15899268e-05   9.70013390e-05   0.00000000e+00   0.00000000e+00   0.00000000e+00   0.00000000e+00
    0.00000000e+00   0.00000000e+00   0.00000000e+00   0.00000000e+00   0.00000000e+00]
 [  4.16666667e+00  -5.74581669e-01   3.46625178e+00  -5.48893272e+00   2.33070144e+00   2.70921338e+00  -4.32079830e+00
    2.64759758e+00  -6.90702746e-01  -1.42692788e-01   2.04478735e-01  -8.75320024e-02   1.83876466e-02   3.11292805e-04
   -1.61377710e-03   5.84668442e-04   0.00000000e+00   0.00000000e+00   0.00000000e+00   0.00000000e+00   0.00000000e+00
    0.00000000e+00   0.00000000e+00   0.00000000e+00   0.00000000e+00   0.00000000e+00]
 [  4.58333333e+00   8.69689905e-01  -1.10785882e+00  -2.57555592e+00   6.84605707e+00  -6.29244975e+00   2.29819565e+00
    6.33047907e-01  -1.16634537e+00   6.24102466e-01  -1.60237942e-01  -3.25528892e-03   1.99441106e-02  -8.42999984e-03
    1.79678881e-03   0.00000000e+00   0.00000000e+00   0.00000000e+00   0.00000000e+00   0.00000000e+00   0.00000000e+00
    0.00000000e+00   0.00000000e+00   0.00000000e+00   0.00000000e+00   0.00000000e+00]
 [  5.00000000e+00   4.08082062e-01  -3.25415542e+00   5.98201542e+00  -3.64135919e+00  -1.50454215e+00   3.88081542e+00
   -2.76879277e+00   9.13996180e-01   2.32101836e-02  -1.73801646e-01   8.81552180e-02  -2.22058886e-02   1.30260618e-03
    0.00000000e+00   0.00000000e+00   0.00000000e+00   0.00000000e+00   0.00000000e+00   0.00000000e+00   0.00000000e+00
    0.00000000e+00   0.00000000e+00   0.00000000e+00   0.00000000e+00   0.00000000e+00]
 [  5.41666667e+00  -9.47816030e-01   1.73085743e+00   1.43031644e+00  -6.14892943e+00   6.58048998e+00  -3.04116649e+00
   -1.02970573e-01   9.91363459e-01  -6.28545988e-01   1.93511762e-01  -1.36217716e-02  -1.56928577e-02   0.00000000e+00
    0.00000000e+00   0.00000000e+00   0.00000000e+00   0.00000000e+00   0.00000000e+00   0.00000000e+00   0.00000000e+00
    0.00000000e+00   0.00000000e+00   0.00000000e+00   0.00000000e+00   0.00000000e+00]
 [  5.83333333e+00  -2.26625435e-01   2.92278779e+00  -6.25584535e+00   4.81855387e+00   2.44726449e-01  -3.29859293e+00
    2.78850618e+00  -1.10378984e+00   9.71231206e-02   1.36754381e-01  -8.55473694e-02   0.00000000e+00   0.00000000e+00
    0.00000000e+00   0.00000000e+00   0.00000000e+00   0.00000000e+00   0.00000000e+00   0.00000000e+00   0.00000000e+00
    0.00000000e+00   0.00000000e+00   0.00000000e+00   0.00000000e+00   0.00000000e+00]
 [  6.25000000e+00   9.91202812e-01  -2.29041666e+00  -2.32653012e-01   5.22643128e+00  -6.62734215e+00   3.67267253e+00
   -4.30880838e-01  -7.80046100e-01   6.09952049e-01  -2.19692991e-01   0.00000000e+00   0.00000000e+00   0.00000000e+00
    0.00000000e+00   0.00000000e+00   0.00000000e+00   0.00000000e+00   0.00000000e+00   0.00000000e+00   0.00000000e+00
    0.00000000e+00   0.00000000e+00   0.00000000e+00   0.00000000e+00   0.00000000e+00]
 [  6.66666667e+00   3.68625353e-02  -2.48429417e+00   6.30038609e+00  -5.81913896e+00   1.02405896e+00   2.59547043e+00
   -2.70601530e+00   1.25312740e+00  -2.13896669e-01   0.00000000e+00   0.00000000e+00   0.00000000e+00   0.00000000e+00
    0.00000000e+00   0.00000000e+00   0.00000000e+00   0.00000000e+00   0.00000000e+00   0.00000000e+00   0.00000000e+00
    0.00000000e+00   0.00000000e+00   0.00000000e+00   0.00000000e+00   0.00000000e+00]
 [  7.08333333e+00  -9.98260037e-01   2.76602757e+00  -9.73537609e-01  -4.11237403e+00   6.43128903e+00  -4.16956781e+00
    9.48939609e-01   5.40138499e-01   0.00000000e+00   0.00000000e+00   0.00000000e+00   0.00000000e+00   0.00000000e+00
    0.00000000e+00   0.00000000e+00   0.00000000e+00   0.00000000e+00   0.00000000e+00   0.00000000e+00   0.00000000e+00
    0.00000000e+00   0.00000000e+00   0.00000000e+00   0.00000000e+00   0.00000000e+00]
 [  7.50000000e+00   1.54251450e-01   1.95474623e+00  -6.11400514e+00   6.60644103e+00  -2.25531057e+00  -1.79721879e+00
    2.52434356e+00   0.00000000e+00   0.00000000e+00   0.00000000e+00   0.00000000e+00   0.00000000e+00   0.00000000e+00
    0.00000000e+00   0.00000000e+00   0.00000000e+00   0.00000000e+00   0.00000000e+00   0.00000000e+00   0.00000000e+00
    0.00000000e+00   0.00000000e+00   0.00000000e+00   0.00000000e+00   0.00000000e+00]
 [  7.91666667e+00   9.68729045e-01  -3.14025806e+00   2.14404614e+00   2.84759008e+00  -5.99951637e+00   4.51364013e+00
    0.00000000e+00   0.00000000e+00   0.00000000e+00   0.00000000e+00   0.00000000e+00   0.00000000e+00   0.00000000e+00
    0.00000000e+00   0.00000000e+00   0.00000000e+00   0.00000000e+00   0.00000000e+00   0.00000000e+00   0.00000000e+00
    0.00000000e+00   0.00000000e+00   0.00000000e+00   0.00000000e+00   0.00000000e+00]
 [  8.33333333e+00  -3.39711812e-01  -1.35355294e+00   5.70353374e+00  -7.15160388e+00   3.40390056e+00   0.00000000e+00
    0.00000000e+00   0.00000000e+00   0.00000000e+00   0.00000000e+00   0.00000000e+00   0.00000000e+00   0.00000000e+00
    0.00000000e+00   0.00000000e+00   0.00000000e+00   0.00000000e+00   0.00000000e+00   0.00000000e+00   0.00000000e+00
    0.00000000e+00   0.00000000e+00   0.00000000e+00   0.00000000e+00   0.00000000e+00]
 [  8.75000000e+00  -9.03692205e-01   3.39939184e+00  -3.23597111e+00  -1.47843628e+00   0.00000000e+00   0.00000000e+00
    0.00000000e+00   0.00000000e+00   0.00000000e+00   0.00000000e+00   0.00000000e+00   0.00000000e+00   0.00000000e+00
    0.00000000e+00   0.00000000e+00   0.00000000e+00   0.00000000e+00   0.00000000e+00   0.00000000e+00   0.00000000e+00
    0.00000000e+00   0.00000000e+00   0.00000000e+00   0.00000000e+00   0.00000000e+00]
 [  9.16666667e+00   5.12721061e-01   7.02749247e-01  -5.08401646e+00   0.00000000e+00   0.00000000e+00   0.00000000e+00
    0.00000000e+00   0.00000000e+00   0.00000000e+00   0.00000000e+00   0.00000000e+00   0.00000000e+00   0.00000000e+00
    0.00000000e+00   0.00000000e+00   0.00000000e+00   0.00000000e+00   0.00000000e+00   0.00000000e+00   0.00000000e+00
    0.00000000e+00   0.00000000e+00   0.00000000e+00   0.00000000e+00   0.00000000e+00]
 [  9.58333333e+00   8.05533247e-01  -3.53393114e+00   0.00000000e+00   0.00000000e+00   0.00000000e+00   0.00000000e+00
    0.00000000e+00   0.00000000e+00   0.00000000e+00   0.00000000e+00   0.00000000e+00   0.00000000e+00   0.00000000e+00
    0.00000000e+00   0.00000000e+00   0.00000000e+00   0.00000000e+00   0.00000000e+00   0.00000000e+00   0.00000000e+00
    0.00000000e+00   0.00000000e+00   0.00000000e+00   0.00000000e+00   0.00000000e+00]
 [  1.00000000e+01  -6.66938062e-01   0.00000000e+00   0.00000000e+00   0.00000000e+00   0.00000000e+00   0.00000000e+00
    0.00000000e+00   0.00000000e+00   0.00000000e+00   0.00000000e+00   0.00000000e+00   0.00000000e+00   0.00000000e+00
    0.00000000e+00   0.00000000e+00   0.00000000e+00   0.00000000e+00   0.00000000e+00   0.00000000e+00   0.00000000e+00
    0.00000000e+00   0.00000000e+00   0.00000000e+00   0.00000000e+00   0.00000000e+00]]